structure(list(Accent = list(c("#7FC97F", "#BEAED4", "#FDC086"
), c("#7FC97F", "#BEAED4", "#FDC086", "#FFFF99"), c("#7FC97F", 
"#BEAED4", "#FDC086", "#FFFF99", "#386CB0"), c("#7FC97F", "#BEAED4", 
"#FDC086", "#FFFF99", "#386CB0", "#F0027F"), c("#7FC97F", "#BEAED4", 
"#FDC086", "#FFFF99", "#386CB0", "#F0027F", "#BF5B17"), c("#7FC97F", 
"#BEAED4", "#FDC086", "#FFFF99", "#386CB0", "#F0027F", "#BF5B17", 
"#666666")), Dark2 = list(c("#1B9E77", "#D95F02", "#7570B3"), 
    c("#1B9E77", "#D95F02", "#7570B3", "#E7298A"), c("#1B9E77", 
    "#D95F02", "#7570B3", "#E7298A", "#66A61E"), c("#1B9E77", 
    "#D95F02", "#7570B3", "#E7298A", "#66A61E", "#E6AB02"), c("#1B9E77", 
    "#D95F02", "#7570B3", "#E7298A", "#66A61E", "#E6AB02", "#A6761D"
    ), c("#1B9E77", "#D95F02", "#7570B3", "#E7298A", "#66A61E", 
    "#E6AB02", "#A6761D", "#666666")), Paired = list(c("#A6CEE3", 
"#1F78B4", "#B2DF8A"), c("#A6CEE3", "#1F78B4", "#B2DF8A", "#33A02C"
), c("#A6CEE3", "#1F78B4", "#B2DF8A", "#33A02C", "#FB9A99"), 
    c("#A6CEE3", "#1F78B4", "#B2DF8A", "#33A02C", "#FB9A99", 
    "#E31A1C"), c("#A6CEE3", "#1F78B4", "#B2DF8A", "#33A02C", 
    "#FB9A99", "#E31A1C", "#FDBF6F"), c("#A6CEE3", "#1F78B4", 
    "#B2DF8A", "#33A02C", "#FB9A99", "#E31A1C", "#FDBF6F", "#FF7F00"
    ), c("#A6CEE3", "#1F78B4", "#B2DF8A", "#33A02C", "#FB9A99", 
    "#E31A1C", "#FDBF6F", "#FF7F00", "#CAB2D6"), c("#A6CEE3", 
    "#1F78B4", "#B2DF8A", "#33A02C", "#FB9A99", "#E31A1C", "#FDBF6F", 
    "#FF7F00", "#CAB2D6", "#6A3D9A"), c("#A6CEE3", "#1F78B4", 
    "#B2DF8A", "#33A02C", "#FB9A99", "#E31A1C", "#FDBF6F", "#FF7F00", 
    "#CAB2D6", "#6A3D9A", "#FFFF99"), c("#A6CEE3", "#1F78B4", 
    "#B2DF8A", "#33A02C", "#FB9A99", "#E31A1C", "#FDBF6F", "#FF7F00", 
    "#CAB2D6", "#6A3D9A", "#FFFF99", "#B15928")), Pastel1 = list(
    c("#FBB4AE", "#B3CDE3", "#CCEBC5"), c("#FBB4AE", "#B3CDE3", 
    "#CCEBC5", "#DECBE4"), c("#FBB4AE", "#B3CDE3", "#CCEBC5", 
    "#DECBE4", "#FED9A6"), c("#FBB4AE", "#B3CDE3", "#CCEBC5", 
    "#DECBE4", "#FED9A6", "#FFFFCC"), c("#FBB4AE", "#B3CDE3", 
    "#CCEBC5", "#DECBE4", "#FED9A6", "#FFFFCC", "#E5D8BD"), c("#FBB4AE", 
    "#B3CDE3", "#CCEBC5", "#DECBE4", "#FED9A6", "#FFFFCC", "#E5D8BD", 
    "#FDDAEC"), c("#FBB4AE", "#B3CDE3", "#CCEBC5", "#DECBE4", 
    "#FED9A6", "#FFFFCC", "#E5D8BD", "#FDDAEC", "#F2F2F2")), 
    Pastel2 = list(c("#B3E2CD", "#FDCDAC", "#CBD5E8"), c("#B3E2CD", 
    "#FDCDAC", "#CBD5E8", "#F4CAE4"), c("#B3E2CD", "#FDCDAC", 
    "#CBD5E8", "#F4CAE4", "#E6F5C9"), c("#B3E2CD", "#FDCDAC", 
    "#CBD5E8", "#F4CAE4", "#E6F5C9", "#FFF2AE"), c("#B3E2CD", 
    "#FDCDAC", "#CBD5E8", "#F4CAE4", "#E6F5C9", "#FFF2AE", "#F1E2CC"
    ), c("#B3E2CD", "#FDCDAC", "#CBD5E8", "#F4CAE4", "#E6F5C9", 
    "#FFF2AE", "#F1E2CC", "#CCCCCC")), Set1 = list(c("#E41A1C", 
    "#377EB8", "#4DAF4A"), c("#E41A1C", "#377EB8", "#4DAF4A", 
    "#984EA3"), c("#E41A1C", "#377EB8", "#4DAF4A", "#984EA3", 
    "#FF7F00"), c("#E41A1C", "#377EB8", "#4DAF4A", "#984EA3", 
    "#FF7F00", "#FFFF33"), c("#E41A1C", "#377EB8", "#4DAF4A", 
    "#984EA3", "#FF7F00", "#FFFF33", "#A65628"), c("#E41A1C", 
    "#377EB8", "#4DAF4A", "#984EA3", "#FF7F00", "#FFFF33", "#A65628", 
    "#F781BF"), c("#E41A1C", "#377EB8", "#4DAF4A", "#984EA3", 
    "#FF7F00", "#FFFF33", "#A65628", "#F781BF", "#999999")), 
    Set2 = list(c("#66C2A5", "#FC8D62", "#8DA0CB"), c("#66C2A5", 
    "#FC8D62", "#8DA0CB", "#E78AC3"), c("#66C2A5", "#FC8D62", 
    "#8DA0CB", "#E78AC3", "#A6D854"), c("#66C2A5", "#FC8D62", 
    "#8DA0CB", "#E78AC3", "#A6D854", "#FFD92F"), c("#66C2A5", 
    "#FC8D62", "#8DA0CB", "#E78AC3", "#A6D854", "#FFD92F", "#E5C494"
    ), c("#66C2A5", "#FC8D62", "#8DA0CB", "#E78AC3", "#A6D854", 
    "#FFD92F", "#E5C494", "#B3B3B3")), Set3 = list(c("#8DD3C7", 
    "#FFFFB3", "#BEBADA"), c("#8DD3C7", "#FFFFB3", "#BEBADA", 
    "#FB8072"), c("#8DD3C7", "#FFFFB3", "#BEBADA", "#FB8072", 
    "#80B1D3"), c("#8DD3C7", "#FFFFB3", "#BEBADA", "#FB8072", 
    "#80B1D3", "#FDB462"), c("#8DD3C7", "#FFFFB3", "#BEBADA", 
    "#FB8072", "#80B1D3", "#FDB462", "#B3DE69"), c("#8DD3C7", 
    "#FFFFB3", "#BEBADA", "#FB8072", "#80B1D3", "#FDB462", "#B3DE69", 
    "#FCCDE5"), c("#8DD3C7", "#FFFFB3", "#BEBADA", "#FB8072", 
    "#80B1D3", "#FDB462", "#B3DE69", "#FCCDE5", "#D9D9D9"), c("#8DD3C7", 
    "#FFFFB3", "#BEBADA", "#FB8072", "#80B1D3", "#FDB462", "#B3DE69", 
    "#FCCDE5", "#D9D9D9", "#BC80BD"), c("#8DD3C7", "#FFFFB3", 
    "#BEBADA", "#FB8072", "#80B1D3", "#FDB462", "#B3DE69", "#FCCDE5", 
    "#D9D9D9", "#BC80BD", "#CCEBC5"), c("#8DD3C7", "#FFFFB3", 
    "#BEBADA", "#FB8072", "#80B1D3", "#FDB462", "#B3DE69", "#FCCDE5", 
    "#D9D9D9", "#BC80BD", "#CCEBC5", "#FFED6F")), BrBG = list(
        c("#D8B365", "#F5F5F5", "#5AB4AC"), c("#A6611A", "#DFC27D", 
        "#80CDC1", "#018571"), c("#A6611A", "#DFC27D", "#F5F5F5", 
        "#80CDC1", "#018571"), c("#8C510A", "#D8B365", "#F6E8C3", 
        "#C7EAE5", "#5AB4AC", "#01665E"), c("#8C510A", "#D8B365", 
        "#F6E8C3", "#F5F5F5", "#C7EAE5", "#5AB4AC", "#01665E"
        ), c("#8C510A", "#BF812D", "#DFC27D", "#F6E8C3", "#C7EAE5", 
        "#80CDC1", "#35978F", "#01665E"), c("#8C510A", "#BF812D", 
        "#DFC27D", "#F6E8C3", "#F5F5F5", "#C7EAE5", "#80CDC1", 
        "#35978F", "#01665E"), c("#543005", "#8C510A", "#BF812D", 
        "#DFC27D", "#F6E8C3", "#C7EAE5", "#80CDC1", "#35978F", 
        "#01665E", "#003C30"), c("#543005", "#8C510A", "#BF812D", 
        "#DFC27D", "#F6E8C3", "#F5F5F5", "#C7EAE5", "#80CDC1", 
        "#35978F", "#01665E", "#003C30")), PiYG = list(c("#E9A3C9", 
    "#F7F7F7", "#A1D76A"), c("#D01C8B", "#F1B6DA", "#B8E186", 
    "#4DAC26"), c("#D01C8B", "#F1B6DA", "#F7F7F7", "#B8E186", 
    "#4DAC26"), c("#C51B7D", "#E9A3C9", "#FDE0EF", "#E6F5D0", 
    "#A1D76A", "#4D9221"), c("#C51B7D", "#E9A3C9", "#FDE0EF", 
    "#F7F7F7", "#E6F5D0", "#A1D76A", "#4D9221"), c("#C51B7D", 
    "#DE77AE", "#F1B6DA", "#FDE0EF", "#E6F5D0", "#B8E186", "#7FBC41", 
    "#4D9221"), c("#C51B7D", "#DE77AE", "#F1B6DA", "#FDE0EF", 
    "#F7F7F7", "#E6F5D0", "#B8E186", "#7FBC41", "#4D9221"), c("#8E0152", 
    "#C51B7D", "#DE77AE", "#F1B6DA", "#FDE0EF", "#E6F5D0", "#B8E186", 
    "#7FBC41", "#4D9221", "#276419"), c("#8E0152", "#C51B7D", 
    "#DE77AE", "#F1B6DA", "#FDE0EF", "#F7F7F7", "#E6F5D0", "#B8E186", 
    "#7FBC41", "#4D9221", "#276419")), PRGn = list(c("#AF8DC3", 
    "#F7F7F7", "#7FBF7B"), c("#7B3294", "#C2A5CF", "#A6DBA0", 
    "#008837"), c("#7B3294", "#C2A5CF", "#F7F7F7", "#A6DBA0", 
    "#008837"), c("#762A83", "#AF8DC3", "#E7D4E8", "#D9F0D3", 
    "#7FBF7B", "#1B7837"), c("#762A83", "#AF8DC3", "#E7D4E8", 
    "#F7F7F7", "#D9F0D3", "#7FBF7B", "#1B7837"), c("#762A83", 
    "#9970AB", "#C2A5CF", "#E7D4E8", "#D9F0D3", "#A6DBA0", "#5AAE61", 
    "#1B7837"), c("#762A83", "#9970AB", "#C2A5CF", "#E7D4E8", 
    "#F7F7F7", "#D9F0D3", "#A6DBA0", "#5AAE61", "#1B7837"), c("#40004B", 
    "#762A83", "#9970AB", "#C2A5CF", "#E7D4E8", "#D9F0D3", "#A6DBA0", 
    "#5AAE61", "#1B7837", "#00441B"), c("#40004B", "#762A83", 
    "#9970AB", "#C2A5CF", "#E7D4E8", "#F7F7F7", "#D9F0D3", "#A6DBA0", 
    "#5AAE61", "#1B7837", "#00441B")), PuOr = list(c("#F1A340", 
    "#F7F7F7", "#998EC3"), c("#E66101", "#FDB863", "#B2ABD2", 
    "#5E3C99"), c("#E66101", "#FDB863", "#F7F7F7", "#B2ABD2", 
    "#5E3C99"), c("#B35806", "#F1A340", "#FEE0B6", "#D8DAEB", 
    "#998EC3", "#542788"), c("#B35806", "#F1A340", "#FEE0B6", 
    "#F7F7F7", "#D8DAEB", "#998EC3", "#542788"), c("#B35806", 
    "#E08214", "#FDB863", "#FEE0B6", "#D8DAEB", "#B2ABD2", "#8073AC", 
    "#542788"), c("#B35806", "#E08214", "#FDB863", "#FEE0B6", 
    "#F7F7F7", "#D8DAEB", "#B2ABD2", "#8073AC", "#542788"), c("#7F3B08", 
    "#B35806", "#E08214", "#FDB863", "#FEE0B6", "#D8DAEB", "#B2ABD2", 
    "#8073AC", "#542788", "#2D004B"), c("#7F3B08", "#B35806", 
    "#E08214", "#FDB863", "#FEE0B6", "#F7F7F7", "#D8DAEB", "#B2ABD2", 
    "#8073AC", "#542788", "#2D004B")),