structure(list(Accent = list(structure(c(127L, 201L, 127L, 190L, 
174L, 212L, 253L, 192L, 134L), .Dim = c(3L, 3L), .Dimnames = list(
    c("red", "green", "blue"), NULL)), structure(c(127L, 201L, 
127L, 190L, 174L, 212L, 253L, 192L, 134L, 255L, 255L, 153L), .Dim = 3:4, .Dimnames = list(
    c("red", "green", "blue"), NULL)), structure(c(127L, 201L, 
127L, 190L, 174L, 212L, 253L, 192L, 134L, 255L, 255L, 153L, 56L, 
108L, 176L), .Dim = c(3L, 5L), .Dimnames = list(c("red", "green", 
"blue"), NULL)), structure(c(127L, 201L, 127L, 190L, 174L, 212L, 
253L, 192L, 134L, 255L, 255L, 153L, 56L, 108L, 176L, 240L, 2L, 
127L), .Dim = c(3L, 6L), .Dimnames = list(c("red", "green", "blue"
), NULL)), structure(c(127L, 201L, 127L, 190L, 174L, 212L, 253L, 
192L, 134L, 255L, 255L, 153L, 56L, 108L, 176L, 240L, 2L, 127L, 
191L, 91L, 23L), .Dim = c(3L, 7L), .Dimnames = list(c("red", 
"green", "blue"), NULL)), structure(c(127L, 201L, 127L, 190L, 
174L, 212L, 253L, 192L, 134L, 255L, 255L, 153L, 56L, 108L, 176L, 
240L, 2L, 127L, 191L, 91L, 23L, 102L, 102L, 102L), .Dim = c(3L, 
8L), .Dimnames = list(c("red", "green", "blue"), NULL))), Dark2 = list(
    structure(c(27L, 158L, 119L, 217L, 95L, 2L, 117L, 112L, 179L
    ), .Dim = c(3L, 3L), .Dimnames = list(c("red", "green", "blue"
    ), NULL)), structure(c(27L, 158L, 119L, 217L, 95L, 2L, 117L, 
    112L, 179L, 231L, 41L, 138L), .Dim = 3:4, .Dimnames = list(
        c("red", "green", "blue"), NULL)), structure(c(27L, 158L, 
    119L, 217L, 95L, 2L, 117L, 112L, 179L, 231L, 41L, 138L, 102L, 
    166L, 30L), .Dim = c(3L, 5L), .Dimnames = list(c("red", "green", 
    "blue"), NULL)), structure(c(27L, 158L, 119L, 217L, 95L, 
    2L, 117L, 112L, 179L, 231L, 41L, 138L, 102L, 166L, 30L, 230L, 
    171L, 2L), .Dim = c(3L, 6L), .Dimnames = list(c("red", "green", 
    "blue"), NULL)), structure(c(27L, 158L, 119L, 217L, 95L, 
    2L, 117L, 112L, 179L, 231L, 41L, 138L, 102L, 166L, 30L, 230L, 
    171L, 2L, 166L, 118L, 29L), .Dim = c(3L, 7L), .Dimnames = list(
        c("red", "green", "blue"), NULL)), structure(c(27L, 158L, 
    119L, 217L, 95L, 2L, 117L, 112L, 179L, 231L, 41L, 138L, 102L, 
    166L, 30L, 230L, 171L, 2L, 166L, 118L, 29L, 102L, 102L, 102L
    ), .Dim = c(3L, 8L), .Dimnames = list(c("red", "green", "blue"
    ), NULL))), Paired = list(structure(c(166L, 206L, 227L, 31L, 
120L, 180L, 178L, 223L, 138L), .Dim = c(3L, 3L), .Dimnames = list(
    c("red", "green", "blue"), NULL)), structure(c(166L, 206L, 
227L, 31L, 120L, 180L, 178L, 223L, 138L, 51L, 160L, 44L), .Dim = 3:4, .Dimnames = list(
    c("red", "green", "blue"), NULL)), structure(c(166L, 206L, 
227L, 31L, 120L, 180L, 178L, 223L, 138L, 51L, 160L, 44L, 251L, 
154L, 153L), .Dim = c(3L, 5L), .Dimnames = list(c("red", "green", 
"blue"), NULL)), structure(c(166L, 206L, 227L, 31L, 120L, 180L, 
178L, 223L, 138L, 51L, 160L, 44L, 251L, 154L, 153L, 227L, 26L, 
28L), .Dim = c(3L, 6L), .Dimnames = list(c("red", "green", "blue"
), NULL)), structure(c(166L, 206L, 227L, 31L, 120L, 180L, 178L, 
223L, 138L, 51L, 160L, 44L, 251L, 154L, 153L, 227L, 26L, 28L, 
253L, 191L, 111L), .Dim = c(3L, 7L), .Dimnames = list(c("red", 
"green", "blue"), NULL)), structure(c(166L, 206L, 227L, 31L, 
120L, 180L, 178L, 223L, 138L, 51L, 160L, 44L, 251L, 154L, 153L, 
227L, 26L, 28L, 253L, 191L, 111L, 255L, 127L, 0L), .Dim = c(3L, 
8L), .Dimnames = list(c("red", "green", "blue"), NULL)), structure(c(166L, 
206L, 227L, 31L, 120L, 180L, 178L, 223L, 138L, 51L, 160L, 44L, 
251L, 154L, 153L, 227L, 26L, 28L, 253L, 191L, 111L, 255L, 127L, 
0L, 202L, 178L, 214L), .Dim = c(3L, 9L), .Dimnames = list(c("red", 
"green", "blue"), NULL)), structure(c(166L, 206L, 227L, 31L, 
120L, 180L, 178L, 223L, 138L, 51L, 160L, 44L, 251L, 154L, 153L, 
227L, 26L, 28L, 253L, 191L, 111L, 255L, 127L, 0L, 202L, 178L, 
214L, 106L, 61L, 154L), .Dim = c(3L, 10L), .Dimnames = list(c("red", 
"green", "blue"), NULL)), structure(c(166L, 206L, 227L, 31L, 
120L, 180L, 178L, 223L, 138L, 51L, 160L, 44L, 251L, 154L, 153L, 
227L, 26L, 28L, 253L, 191L, 111L, 255L, 127L, 0L, 202L, 178L, 
214L, 106L, 61L, 154L, 255L, 255L, 153L), .Dim = c(3L, 11L), .Dimnames = list(
    c("red", "green", "blue"), NULL)), structure(c(166L, 206L, 
227L, 31L, 120L, 180L, 178L, 223L, 138L, 51L, 160L, 44L, 251L, 
154L, 153L, 227L, 26L, 28L, 253L, 191L, 111L, 255L, 127L, 0L, 
202L, 178L, 214L, 106L, 61L, 154L, 255L, 255L, 153L, 177L, 89L, 
40L), .Dim = c(3L, 12L), .Dimnames = list(c("red", "green", "blue"
), NULL))), Pastel1 = list(structure(c(251L, 180L, 174L, 179L, 
205L, 227L, 204L, 235L, 197L), .Dim = c(3L, 3L), .Dimnames = list(
    c("red", "green", "blue"), NULL)), structure(c(251L, 180L, 
174L, 179L, 205L, 227L, 204L, 235L, 197L, 222L, 203L, 228L), .Dim = 3:4, .Dimnames = list(
    c("red", "green", "blue"), NULL)), structure(c(251L, 180L, 
174L, 179L, 205L, 227L, 204L, 235L, 197L, 222L, 203L, 228L, 254L, 
217L, 166L), .Dim = c(3L, 5L), .Dimnames = list(c("red", "green", 
"blue"), NULL)), structure(c(251L, 180L, 174L, 179L, 205L, 227L, 
204L, 235L, 197L, 222L, 203L, 228L, 254L, 217L, 166L, 255L, 255L, 
204L), .Dim = c(3L, 6L), .Dimnames = list(c("red", "green", "blue"
), NULL)), structure(c(251L, 180L, 174L, 179L, 205L, 227L, 204L, 
235L, 197L, 222L, 203L, 228L, 254L, 217L, 166L, 255L, 255L, 204L, 
229L, 216L, 189L), .Dim = c(3L, 7L), .Dimnames = list(c("red", 
"green", "blue"), NULL)), structure(c(251L, 180L, 174L, 179L, 
205L, 227L, 204L, 235L, 197L, 222L, 203L, 228L, 254L, 217L, 166L, 
255L, 255L, 204L, 229L, 216L, 189L, 253L, 218L, 236L), .Dim = c(3L, 
8L), .Dimnames = list(c("red", "green", "blue"), NULL)), structure(c(251L, 
180L, 174L, 179L, 205L, 227L, 204L, 235L, 197L, 222L, 203L, 228L, 
254L, 217L, 166L, 255L, 255L, 204L, 229L, 216L, 189L, 253L, 218L, 
236L, 242L, 242L, 242L), .Dim = c(3L, 9L), .Dimnames = list(c("red", 
"green", "blue"), NULL))), Pastel2 = list(structure(c(179L, 226L, 
205L, 253L, 205L, 172L, 203L, 213L, 232L), .Dim = c(3L, 3L), .Dimnames = list(
    c("red", "green", "blue"), NULL)), structure(c(179L, 226L, 
205L, 253L, 205L, 172L, 203L, 213L, 232L, 244L, 202L, 228L), .Dim = 3:4, .Dimnames = list(
    c("red", "green", "blue"), NULL)), structure(c(179L, 226L, 
205L, 253L, 205L, 172L, 203L, 213L, 232L, 244L, 202L, 228L, 230L, 
245L, 201L), .Dim = c(3L, 5L), .Dimnames = list(c("red", "green", 
"blue"), NULL)), structure(c(179L, 226L, 205L, 253L, 205L, 172L, 
203L, 213L, 232L, 244L, 202L, 228L, 230L, 245L, 201L, 255L, 242L, 
174L), .Dim = c(3L, 6L), .Dimnames = list(c("red", "green", "blue"
), NULL)), structure(c(179L, 226L, 205L, 253L, 205L, 172L, 203L, 
213L, 232L, 244L, 202L, 228L, 230L, 245L, 201L, 255L, 242L, 174L, 
241L, 226L, 204L), .Dim = c(3L, 7L), .Dimnames = list(c("red", 
"green", "blue"), NULL)), structure(c(179L, 226L, 205L, 253L, 
205L, 172L, 203L, 213L, 232L, 244L, 202L, 228L, 230L, 245L, 201L, 
255L, 242L, 174L, 241L, 226L, 204L, 204L, 204L, 204L), .Dim = c(3L, 
8L), .Dimnames = list(c("red", "green", "blue"), NULL))), Set1 = list(
    structure(c(228L, 26L, 28L, 55L, 126L, 184L, 77L, 175L, 74L
    ), .Dim = c(3L, 3L), .Dimnames = list(c("red", "green", "blue"
    ), NULL)), structure(c(228L, 26L, 28L, 55L, 126L, 184L, 77L, 
    175L, 74L, 152L, 78L, 163L), .Dim = 3:4, .Dimnames = list(
        c("red", "green", "blue"), NULL)), structure(c(228L, 
    26L, 28L, 55L, 126L, 184L, 77L, 175L, 74L, 152L, 78L, 163L, 
    255L, 127L, 0L), .Dim = c(3L, 5L), .Dimnames = list(c("red", 
    "green", "blue"), NULL)), structure(c(228L, 26L, 28L, 55L, 
    126L, 184L, 77L, 175L, 74L, 152L, 78L, 163L, 255L, 127L, 
    0L, 255L, 255L, 51L), .Dim = c(3L, 6L), .Dimnames = list(
        c("red", "green", "blue"), NULL)), structure(c(228L, 
    26L, 28L, 55L, 126L, 184L, 77L, 175L, 74L, 152L, 78L, 163L, 
    255L, 127L, 0L, 255L, 255L, 51L, 166L, 86L, 40L), .Dim = c(3L, 
    7L),